18578
26181
29356
26868
24187
4910
15664
19720
13039
18654
26315
32582
31346
8254
17634
4193
10082
17850
13553
16429
22899
21109
18784
32013
9875
15813
22332
3502
14380
11310
8519
26163
17713
4654
26401
18159
940
26511
12921
22042
5229
24388
29106
3888
15017
9592
7166
18335
9481
8716
23400
12363
14193
3125
6217
25400
31904
28431
28736
7015
24064
24970
3636
7925
20272
25782
25054
2429
11762
7559
20738
540
28811
12577
17277
31238
16441
8639
20625
5811
25172
3700
27777
13753
23315
11384
16986
22976
2920
24662
16804
30334
32189
13368
17909
29493
1712
2255
16092
24448
